         0         0         0.10000E+01
         0         1         0.00000E+00
         0         3         0.00000E+00
         1         1         0.10000E+01
         1         0         0.00000E+00
         1         2         0.00000E+00
         1         4         0.00000E+00
         2         2         0.10000E+01
         2         1         0.00000E+00
         2         5         0.00000E+00
         3         3        -0.60000E+02
         3         0         0.20000E+02
         3         4         0.20000E+02
         3         6         0.20000E+02
         4         4        -0.80000E+02
         4         1         0.20000E+02
         4         3         0.20000E+02
         4         5         0.20000E+02
         4         7         0.20000E+02
         5         5        -0.60000E+02
         5         2         0.20000E+02
         5         4         0.20000E+02
         5         8         0.20000E+02
         6         6         0.10000E+01
         6         3         0.00000E+00
         6         7         0.00000E+00
         7         7         0.10000E+01
         7         4         0.00000E+00
         7         6         0.00000E+00
         7         8         0.00000E+00
         8         8         0.10000E+01
         8         5         0.00000E+00
         8         7         0.00000E+00
